letterSpacing -5
letterXOffset -2
ь
88 227 14 29
э
238 227 13 29
ю
128 227 17 29
я
164 227 14 29
ш
2 227 18 29
щ
49 227 19 29
ъ
271 227 16 29
ы
200 227 17 29
ф
241 190 18 29
х
277 190 15 29
ц
311 190 15 29
ч
344 190 13 29
р
116 190 14 29
с
148 190 13 29
т
176 190 14 29
у
206 190 13 29
"
71 77 10 29
 
2 2 10 29
!
16 77 7 29
&
157 77 15 29
'
80 77 7 29
$
113 77 11 29
%
124 77 18 29
*
173 77 12 29
+
371 40 10 29
(
185 77 9 29
)
193 77 9 29
.
55 77 8 29
/
260 77 11 29
,
50 77 7 29
-
349 40 11 29
3
239 40 13 29
2
227 40 12 29
1
218 40 10 29
0
334 40 14 29
7
293 40 12 29
6
278 40 14 29
5
265 40 13 29
4
253 40 12 29
;
61 77 7 29
:
65 77 8 29
9
319 40 14 29
8
305 40 13 29
?
20 77 14 29
>
43 77 9 29
=
359 40 12 29
<
35 77 9 29
D
53 40 11 29
E
319 2 11 29
F
64 40 12 29
G
76 40 11 29
@
85 77 15 29
A
32 40 11 29
B
179 40 11 29
C
158 40 11 29
L
121 40 10 29
M
203 40 14 29
N
190 40 13 29
O
2 40 18 29
H
86 40 12 29
I
373 2 8 29
J
98 40 10 29
K
107 40 13 29
U
361 2 12 29
Й
238 152 16 29
T
340 2 11 29
И
205 152 16 29
W
304 2 14 29
Л
304 152 17 29
V
169 40 11 29
К
271 152 16 29
Q
283 2 18 29
Н
2 190 16 29
P
23 40 10 29
М
340 152 18 29
S
43 40 11 29
П
70 190 15 29
R
329 2 11 29
О
35 190 17 29
]
206 77 8 29
Б
346 115 15 29
\
236 77 11 29
А
314 115 15 29
_
2 77 13 29
Г
34 152 13 29
^
145 77 12 29
В
2 152 15 29
Y
350 2 11 29
Е
97 152 14 29
X
145 40 13 29
Д
59 152 17 29
[
200 77 8 29
З
175 152 15 29
Z
130 40 14 29
Ж
127 152 21 29
f
149 2 11 29
Ъ
251 227 17 29
g
160 2 10 29
Ы
179 227 18 29
d
140 2 10 29
Ш
358 190 20 29
e
43 2 10 29
Щ
23 227 21 29
b
250 2 10 29
Ю
103 227 21 29
c
232 2 10 29
Я
148 227 15 29
Ь
71 227 15 29
a
122 2 10 29
Э
220 227 16 29
n
259 2 12 29
Т
161 190 14 29
o
95 2 16 29
У
191 190 14 29
l
200 2 9 29
Р
101 190 14 29
m
271 2 12 29
С
131 190 15 29
j
179 2 10 29
Ц
293 190 16 29
k
188 2 12 29
Ч
328 190 15 29
h
169 2 11 29
Ф
220 190 18 29
i
89 2 8 29
Х
262 190 14 29
w
29 2 13 29
л
323 152 15 29
v
241 2 10 29
к
289 152 14 29
u
79 2 11 29
й
256 152 14 29
t
61 2 10 29
и
223 152 14 29
s
131 2 10 29
п
86 190 14 29
r
52 2 10 29
о
55 190 14 29
q
11 2 16 29
н
20 190 14 29
p
113 2 10 29
м
361 152 16 29
г
47 152 12 29
~
247 77 13 29
в
19 152 14 29
}
221 77 10 29
б
362 115 14 29
|
230 77 8 29
а
331 115 14 29
з
191 152 13 29
{
212 77 10 29
ж
152 152 19 29
z
208 2 12 29
е
112 152 14 29
y
70 2 10 29
д
79 152 16 29
x
220 2 12 29
£
101 77 12 29
±
271 77 10 29
É
365 77 11 29
È
2 115 11 29
Ê
376 77 11 29
Ä
320 77 12 29
Ç
49 115 11 29
À
68 115 11 29
Ü
353 77 12 29
Ö
332 77 18 29
Ó
257 115 18 29
ë
40 115 10 29
ê
22 115 10 29
é
13 115 10 29
è
31 115 10 29
ç
59 115 10 29
ä
280 77 12 29
â
88 115 10 29
à
79 115 10 29
ü
310 77 11 29
û
97 115 11 29
ö
292 77 16 29
ó
154 115 15 29
ę
125 115 10 29
Ę
224 115 11 29
Ć
214 115 11 29
ć
116 115 10 29
Ą
203 115 11 29
ą
107 115 10 29
ś
170 115 10 29
Ś
278 115 10 29
ń
143 115 11 29
ł
134 115 10 29
Ń
244 115 13 29
Ł
235 115 10 29
ż
179 115 12 29
Ź
301 115 13 29
Ż
287 115 13 29
ź
191 115 12 29
