letterSpacing -5
letterXOffset -2
ь
302 115 12 19
э
14 137 12 19
ю
326 115 12 19
я
350 115 12 19
ш
254 115 12 19
щ
278 115 12 19
ъ
38 137 12 19
ы
374 115 12 19
ф
158 115 12 19
х
182 115 12 19
ц
206 115 12 19
ч
230 115 12 19
р
62 115 12 19
с
86 115 12 19
т
110 115 12 19
у
134 115 12 19
"
134 47 12 19
 
2 2 12 19
!
38 47 12 19
&
218 47 12 19
'
146 47 12 19
$
182 47 12 19
%
194 47 12 19
*
230 47 12 19
+
14 47 12 19
(
242 47 12 19
)
254 47 12 19
.
98 47 12 19
/
350 47 12 19
,
86 47 12 19
-
374 25 12 19
3
278 25 12 19
2
266 25 12 19
1
254 25 12 19
0
362 25 12 19
7
326 25 12 19
6
314 25 12 19
5
302 25 12 19
4
290 25 12 19
;
110 47 12 19
:
122 47 12 19
9
350 25 12 19
8
338 25 12 19
?
50 47 12 19
>
74 47 12 19
=
2 47 12 19
<
62 47 12 19
D
86 25 12 19
E
350 2 12 19
F
98 25 12 19
G
110 25 12 19
@
158 47 12 19
A
62 25 12 19
B
218 25 12 19
C
194 25 12 19
L
158 25 12 19
M
242 25 12 19
N
230 25 12 19
O
38 25 12 19
H
122 25 12 19
I
26 25 12 19
J
134 25 12 19
K
146 25 12 19
U
14 25 12 19
Й
266 92 12 19
T
374 2 12 19
И
242 92 12 19
W
338 2 12 19
Л
314 92 12 19
V
206 25 12 19
К
290 92 12 19
Q
326 2 12 19
Н
362 92 12 19
P
50 25 12 19
М
338 92 12 19
S
74 25 12 19
П
26 115 12 19
R
362 2 12 19
О
2 115 12 19
]
278 47 12 19
Б
74 92 12 19
\
326 47 12 19
А
50 92 12 19
_
26 47 12 19
Г
122 92 12 19
^
206 47 12 19
В
98 92 12 19
Y
2 25 12 19
Е
170 92 12 19
X
182 25 12 19
Д
146 92 12 19
[
266 47 12 19
З
218 92 12 19
Z
170 25 12 19
Ж
194 92 12 19
f
170 2 12 19
Ъ
26 137 12 19
g
182 2 12 19
Ы
362 115 12 19
d
158 2 12 19
Ш
242 115 12 19
e
38 2 12 19
Щ
266 115 12 19
b
290 2 12 19
Ю
314 115 12 19
c
266 2 12 19
Я
338 115 12 19
Ь
290 115 12 19
a
134 2 12 19
Э
2 137 12 19
n
302 2 12 19
Т
98 115 12 19
o
110 2 12 19
У
122 115 12 19
l
230 2 12 19
Р
50 115 12 19
m
314 2 12 19
С
74 115 12 19
j
206 2 12 19
Ц
194 115 12 19
k
218 2 12 19
Ч
218 115 12 19
h
194 2 12 19
Ф
146 115 12 19
i
98 2 12 19
Х
170 115 12 19
w
26 2 12 19
л
326 92 12 19
v
278 2 12 19
к
302 92 12 19
u
86 2 12 19
й
278 92 12 19
t
62 2 12 19
и
254 92 12 19
s
146 2 12 19
п
38 115 12 19
r
50 2 12 19
о
14 115 12 19
q
14 2 12 19
н
374 92 12 19
p
122 2 12 19
м
350 92 12 19
г
134 92 12 19
~
338 47 12 19
в
110 92 12 19
}
302 47 12 19
б
86 92 12 19
|
314 47 12 19
а
62 92 12 19
з
230 92 12 19
{
290 47 12 19
ж
206 92 12 19
z
242 2 12 19
е
182 92 12 19
y
74 2 12 19
д
158 92 12 19
x
254 2 12 19
£
170 47 12 19
±
362 47 12 19
É
62 70 12 19
È
86 70 12 19
Ê
74 70 12 19
Ä
26 70 12 19
Ç
146 70 12 19
À
170 70 12 19
Ü
50 70 12 19
Ö
38 70 12 19
Ó
2 92 12 19
ë
134 70 12 19
ê
110 70 12 19
é
98 70 12 19
è
122 70 12 19
ç
158 70 12 19
ä
374 47 12 19
â
194 70 12 19
à
182 70 12 19
ü
14 70 12 19
û
206 70 12 19
ö
2 70 12 19
ó
278 70 12 19
ę
242 70 12 19
Ę
350 70 12 19
Ć
338 70 12 19
ć
230 70 12 19
Ą
326 70 12 19
ą
218 70 12 19
ś
290 70 12 19
Ś
14 92 12 19
ń
266 70 12 19
ł
254 70 12 19
Ń
374 70 12 19
Ł
362 70 12 19
ż
302 70 12 19
Ź
38 92 12 19
Ż
26 92 12 19
ź
314 70 12 19
