 
1 1 5 24
q
7 1 11 24
w
19 1 8 24
e
28 1 5 24
r
34 1 5 24
t
40 1 5 24
y
46 1 5 24
u
52 1 6 24
i
59 1 3 24
o
63 1 11 24
p
75 1 5 24
a
81 1 5 24
s
87 1 5 24
d
93 1 5 24
f
99 1 6 24
g
106 1 5 24
h
112 1 6 24
j
119 1 5 24
k
125 1 7 24
l
133 1 4 24
z
138 1 7 24
x
146 1 7 24
c
154 1 5 24
v
160 1 5 24
b
166 1 5 24
n
172 1 7 24
m
180 1 7 24
Q
188 1 13 24
W
202 1 9 24
E
212 1 6 24
R
219 1 6 24
T
226 1 6 24
Y
233 1 6 24
U
240 1 7 24
I
248 1 3 24
O
1 26 13 24
P
15 26 5 24
A
21 26 6 24
S
28 26 6 24
D
35 26 6 24
F
42 26 7 24
G
50 26 6 24
H
57 26 7 24
J
65 26 5 24
K
71 26 8 24
L
80 26 5 24
Z
86 26 9 24
X
96 26 8 24
C
105 26 6 24
V
112 26 6 24
B
119 26 6 24
N
126 26 8 24
M
135 26 9 24
1
145 26 5 24
2
151 26 7 24
3
159 26 8 24
4
168 26 7 24
5
176 26 8 24
6
185 26 9 24
7
195 26 7 24
8
203 26 8 24
9
212 26 9 24
0
222 26 9 24
-
232 26 6 24
=
239 26 7 24
+
247 26 5 24
_
1 51 8 24
!
10 51 2 24
?
13 51 9 24
<
23 51 4 24
>
28 51 4 24
,
33 51 2 24
.
36 51 3 24
;
40 51 2 24
:
43 51 3 24
"
47 51 5 24
'
53 51 2 24
@
56 51 10 24
£
67 51 7 24
$
75 51 6 24
%
82 51 13 24
^
96 51 7 24
&
104 51 10 24
*
115 51 7 24
(
123 51 4 24
)
128 51 4 24
[
133 51 3 24
]
137 51 3 24
{
141 51 5 24
}
147 51 5 24
|
153 51 3 24
\
157 51 6 24
~
164 51 8 24
/
173 51 6 24
±
180 51 5 24
ä
186 51 7 24
ö
194 51 11 24
ü
206 51 6 24
Ä
213 51 7 24
Ö
221 51 13 24
Ü
235 51 7 24
É
243 51 6 24
Ê
250 51 6 24
È
1 76 6 24
é
8 76 5 24
ê
14 76 5 24
è
20 76 5 24
ë
26 76 5 24
Ç
32 76 6 24
ç
39 76 5 24
À
45 76 6 24
à
52 76 5 24
â
58 76 5 24
û
64 76 6 24
ą
71 76 5 24
ć
77 76 5 24
ę
83 76 5 24
ł
89 76 5 24
ń
95 76 6 24
ó
102 76 10 24
ś
113 76 5 24
ż
119 76 7 24
ź
127 76 7 24
Ą
135 76 6 24
Ć
142 76 6 24
Ę
149 76 6 24
Ł
156 76 5 24
Ń
162 76 8 24
Ó
171 76 13 24
Ś
185 76 5 24
Ż
191 76 8 24
Ź
200 76 8 24
А
209 76 10 24
а
220 76 9 24
Б
230 76 10 24
б
241 76 9 24
В
1 101 10 24
в
12 101 9 24
Г
22 101 8 24
г
31 101 7 24
Д
39 101 12 24
д
52 101 11 24
Е
64 101 9 24
е
74 101 9 24
Ж
84 101 16 24
ж
101 101 14 24
З
116 101 10 24
з
127 101 8 24
И
136 101 11 24
и
148 101 9 24
Й
158 101 11 24
й
170 101 9 24
К
180 101 11 24
к
192 101 9 24
Л
202 101 12 24
л
215 101 10 24
М
226 101 13 24
м
240 101 11 24
Н
1 126 11 24
н
13 126 9 24
О
23 126 12 24
о
36 126 9 24
П
46 126 10 24
п
57 126 9 24
Р
67 126 9 24
р
77 126 9 24
С
87 126 10 24
с
98 126 8 24
Т
107 126 9 24
т
117 126 9 24
У
127 126 9 24
у
137 126 8 24
Ф
146 126 13 24
ф
160 126 13 24
Х
174 126 9 24
х
184 126 10 24
Ц
195 126 11 24
ц
207 126 10 24
Ч
218 126 10 24
ч
229 126 8 24
Ш
238 126 15 24
ш
1 151 13 24
Щ
15 151 16 24
щ
32 151 14 24
Ь
47 151 10 24
ь
58 151 9 24
Ю
68 151 16 24
ю
85 151 12 24
Я
98 151 10 24
я
109 151 9 24
Ы
119 151 13 24
ы
133 151 12 24
Э
146 151 11 24
э
158 151 8 24
Ъ
167 151 12 24
ъ
180 151 11 24
