 
1 1 11 48
q
13 1 21 48
w
35 1 15 48
e
51 1 11 48
r
63 1 11 48
t
75 1 10 48
y
86 1 11 48
u
98 1 12 48
i
111 1 6 48
o
118 1 22 48
p
141 1 9 48
a
151 1 11 48
s
163 1 10 48
d
174 1 10 48
f
185 1 12 48
g
198 1 11 48
h
210 1 12 48
j
223 1 10 48
k
234 1 14 48
l
249 1 9 48
z
259 1 15 48
x
275 1 14 48
c
290 1 11 48
v
302 1 11 48
b
314 1 11 48
n
326 1 14 48
m
341 1 15 48
Q
357 1 26 48
W
384 1 19 48
E
404 1 11 48
R
416 1 12 48
T
429 1 11 48
Y
441 1 12 48
U
454 1 14 48
I
469 1 5 48
O
475 1 26 48
P
1 50 11 48
A
13 50 13 48
S
27 50 11 48
D
39 50 11 48
F
51 50 14 48
G
66 50 12 48
H
79 50 14 48
J
94 50 11 48
K
106 50 17 48
L
124 50 10 48
Z
135 50 17 48
X
153 50 16 48
C
170 50 12 48
V
183 50 13 48
B
197 50 12 48
N
210 50 16 48
M
227 50 17 48
1
245 50 10 48
2
256 50 14 48
3
271 50 15 48
4
287 50 14 48
5
302 50 16 48
6
319 50 17 48
7
337 50 13 48
8
351 50 16 48
9
368 50 17 48
0
386 50 18 48
-
405 50 13 48
=
419 50 15 48
+
435 50 10 48
_
446 50 17 48
!
464 50 4 48
?
469 50 18 48
<
488 50 9 48
>
498 50 9 48
,
1 99 5 48
.
7 99 5 48
;
13 99 4 48
:
18 99 5 48
"
24 99 10 48
'
35 99 4 48
@
40 99 21 48
£
62 99 14 48
$
77 99 11 48
%
89 99 26 48
^
116 99 15 48
&
132 99 20 48
*
153 99 14 48
(
168 99 9 48
)
178 99 9 48
[
188 99 6 48
]
195 99 6 48
{
202 99 9 48
}
212 99 9 48
|
222 99 5 48
\
228 99 11 48
~
240 99 15 48
/
256 99 11 48
±
268 99 11 48
ä
280 99 13 48
ö
294 99 23 48
ü
318 99 12 48
Ä
331 99 14 48
Ö
346 99 27 48
Ü
374 99 13 48
É
388 99 11 48
Ê
400 99 11 48
È
412 99 11 48
é
424 99 10 48
ê
435 99 10 48
è
446 99 10 48
ë
457 99 10 48
Ç
468 99 12 48
ç
481 99 10 48
À
492 99 13 48
à
1 148 11 48
â
13 148 11 48
û
25 148 11 48
ą
37 148 11 48
ć
49 148 11 48
ę
61 148 10 48
ł
72 148 10 48
ń
83 148 13 48
ó
97 148 21 48
ś
119 148 10 48
ż
130 148 14 48
ź
145 148 14 48
Ą
160 148 13 48
Ć
174 148 12 48
Ę
187 148 11 48
Ł
199 148 11 48
Ń
211 148 15 48
Ó
227 148 26 48
Ś
254 148 11 48
Ż
266 148 17 48
Ź
284 148 17 48
А
302 148 21 48
а
324 148 18 48
Б
343 148 21 48
б
365 148 19 48
В
385 148 21 48
в
407 148 18 48
Г
426 148 18 48
г
445 148 16 48
Д
462 148 22 48
д
485 148 22 48
Е
1 197 19 48
е
21 197 18 48
Ж
40 197 32 48
ж
73 197 27 48
З
101 197 19 48
з
121 197 16 48
И
138 197 22 48
и
161 197 20 48
Й
182 197 22 48
й
205 197 20 48
К
226 197 21 48
к
248 197 18 48
Л
267 197 22 48
л
290 197 19 48
М
310 197 26 48
м
337 197 23 48
Н
361 197 23 48
н
385 197 20 48
О
406 197 24 48
о
431 197 18 48
П
450 197 23 48
п
474 197 20 48
Р
1 246 18 48
р
20 246 19 48
С
40 246 21 48
с
62 246 17 48
Т
80 246 18 48
т
99 246 19 48
У
119 246 19 48
у
139 246 18 48
Ф
158 246 27 48
ф
186 246 27 48
Х
214 246 21 48
х
236 246 18 48
Ц
255 246 24 48
ц
280 246 21 48
Ч
302 246 21 48
ч
324 246 18 48
Ш
343 246 33 48
ш
377 246 27 48
Щ
405 246 34 48
щ
440 246 28 48
Ь
469 246 21 48
ь
491 246 18 48
Ю
1 295 32 48
ю
34 295 26 48
Я
61 295 21 48
я
83 295 18 48
Ы
102 295 26 48
ы
129 295 24 48
Э
154 295 22 48
э
177 295 16 48
Ъ
194 295 25 48
ъ
220 295 21 48
