 
1 1 19 86
q
21 1 38 86
w
60 1 27 86
e
88 1 19 86
r
108 1 19 86
t
128 1 18 86
y
147 1 19 86
u
167 1 21 86
i
189 1 10 86
o
200 1 38 86
p
239 1 17 86
a
257 1 19 86
s
277 1 18 86
d
296 1 18 86
f
315 1 22 86
g
338 1 19 86
h
358 1 22 86
j
381 1 17 86
k
399 1 26 86
l
426 1 15 86
z
442 1 26 86
x
469 1 24 86
c
494 1 19 86
v
514 1 19 86
b
534 1 19 86
n
554 1 24 86
m
579 1 26 86
Q
606 1 46 86
W
653 1 33 86
E
687 1 20 86
R
708 1 22 86
T
731 1 20 86
Y
752 1 22 86
U
775 1 24 86
I
800 1 9 86
O
810 1 47 86
P
858 1 19 86
A
878 1 22 86
S
901 1 20 86
D
922 1 20 86
F
943 1 26 86
G
970 1 21 86
H
992 1 25 86
J
1 88 19 86
K
21 88 30 86
L
52 88 17 86
Z
70 88 31 86
X
102 88 28 86
C
131 88 21 86
V
153 88 23 86
B
177 88 22 86
N
200 88 28 86
M
229 88 30 86
1
260 88 17 86
2
278 88 24 86
3
303 88 27 86
4
331 88 25 86
5
357 88 28 86
6
386 88 31 86
7
418 88 24 86
8
443 88 29 86
9
473 88 31 86
0
505 88 32 86
-
538 88 23 86
=
562 88 27 86
+
590 88 18 86
_
609 88 30 86
!
640 88 8 86
?
649 88 32 86
<
682 88 16 86
>
699 88 16 86
,
716 88 8 86
.
725 88 9 86
;
735 88 7 86
:
743 88 10 86
"
754 88 17 86
'
772 88 8 86
@
781 88 37 86
£
819 88 25 86
$
845 88 20 86
%
866 88 46 86
^
913 88 26 86
&
940 88 36 86
*
977 88 26 86
(
1004 88 15 86
)
1 175 15 86
[
17 175 11 86
]
29 175 11 86
{
41 175 16 86
}
58 175 16 86
|
75 175 10 86
\
86 175 20 86
~
107 175 27 86
/
135 175 20 86
±
156 175 19 86
ä
176 175 23 86
ö
200 175 41 86
ü
242 175 21 86
Ä
264 175 25 86
Ö
290 175 48 86
Ü
339 175 24 86
É
364 175 20 86
Ê
385 175 20 86
È
406 175 20 86
é
427 175 18 86
ê
446 175 18 86
è
465 175 18 86
ë
484 175 18 86
Ç
503 175 21 86
ç
525 175 18 86
À
544 175 22 86
à
567 175 19 86
â
587 175 19 86
û
607 175 20 86
ą
628 175 19 86
ć
648 175 19 86
ę
668 175 18 86
ł
687 175 18 86
ń
706 175 23 86
ó
730 175 37 86
ś
768 175 17 86
ż
786 175 24 86
ź
811 175 25 86
Ą
837 175 22 86
Ć
860 175 21 86
Ę
882 175 20 86
Ł
903 175 19 86
Ń
923 175 27 86
Ó
951 175 46 86
Ś
998 175 19 86
Ż
1 262 30 86
Ź
32 262 30 86
А
63 262 38 86
а
102 262 34 86
Б
137 262 38 86
б
176 262 34 86
В
211 262 38 86
в
250 262 33 86
Г
284 262 33 86
г
318 262 30 86
Д
349 262 44 86
д
394 262 39 86
Е
434 262 35 86
е
470 262 34 86
Ж
505 262 60 86
ж
566 262 50 86
З
617 262 37 86
з
655 262 30 86
И
686 262 42 86
и
729 262 36 86
Й
766 262 42 86
й
809 262 36 86
К
846 262 40 86
к
887 262 34 86
Л
922 262 41 86
л
964 262 36 86
М
1 349 48 86
м
50 349 42 86
Н
93 349 42 86
н
136 349 36 86
О
173 349 44 86
о
218 349 34 86
П
253 349 41 86
п
295 349 36 86
Р
332 349 34 86
р
367 349 36 86
С
404 349 39 86
с
444 349 31 86
Т
476 349 34 86
т
511 349 33 86
У
545 349 34 86
у
580 349 33 86
Ф
614 349 49 86
ф
664 349 47 86
Х
712 349 39 86
х
752 349 33 86
Ц
786 349 42 86
ц
829 349 38 86
Ч
868 349 38 86
ч
907 349 33 86
Ш
941 349 59 86
ш
1 436 51 86
Щ
53 436 60 86
щ
114 436 53 86
Ь
168 436 38 86
ь
207 436 33 86
Ю
241 436 60 86
ю
302 436 47 86
Я
350 436 38 86
я
389 436 34 86
Ы
424 436 49 86
ы
474 436 44 86
Э
519 436 39 86
э
559 436 31 86
Ъ
591 436 47 86
ъ
639 436 40 86
