 
1 1 7 14
q
9 1 7 14
w
17 1 7 14
e
25 1 7 14
r
33 1 7 14
t
41 1 7 14
y
49 1 7 14
u
57 1 7 14
i
65 1 7 14
o
73 1 7 14
p
81 1 7 14
a
89 1 7 14
s
97 1 7 14
d
105 1 7 14
f
113 1 7 14
g
121 1 7 14
h
129 1 7 14
j
137 1 7 14
k
145 1 7 14
l
153 1 7 14
z
161 1 7 14
x
169 1 7 14
c
177 1 7 14
v
185 1 7 14
b
193 1 7 14
n
201 1 7 14
m
209 1 7 14
Q
217 1 7 14
W
225 1 7 14
E
233 1 7 14
R
241 1 7 14
T
249 1 7 14
Y
1 16 7 14
U
9 16 7 14
I
17 16 7 14
O
25 16 7 14
P
33 16 7 14
A
41 16 7 14
S
49 16 7 14
D
57 16 7 14
F
65 16 7 14
G
73 16 7 14
H
81 16 7 14
J
89 16 7 14
K
97 16 7 14
L
105 16 7 14
Z
113 16 7 14
X
121 16 7 14
C
129 16 7 14
V
137 16 7 14
B
145 16 7 14
N
153 16 7 14
M
161 16 7 14
1
169 16 7 14
2
177 16 7 14
3
185 16 7 14
4
193 16 7 14
5
201 16 7 14
6
209 16 7 14
7
217 16 7 14
8
225 16 7 14
9
233 16 7 14
0
241 16 7 14
-
249 16 7 14
=
1 31 7 14
+
9 31 7 14
_
17 31 7 14
!
25 31 7 14
?
33 31 7 14
<
41 31 7 14
>
49 31 7 14
,
57 31 7 14
.
65 31 7 14
;
73 31 7 14
:
81 31 7 14
"
89 31 7 14
'
97 31 7 14
@
105 31 7 14
£
113 31 7 14
$
121 31 7 14
%
129 31 7 14
^
137 31 7 14
&
145 31 7 14
*
153 31 7 14
(
161 31 7 14
)
169 31 7 14
[
177 31 7 14
]
185 31 7 14
{
193 31 7 14
}
201 31 7 14
|
209 31 7 14
\
217 31 7 14
~
225 31 7 14
/
233 31 7 14
±
241 31 7 14
ä
249 31 7 14
ö
1 46 7 14
ü
9 46 7 14
Ä
17 46 7 14
Ö
25 46 7 14
Ü
33 46 7 14
É
41 46 7 14
Ê
49 46 7 14
È
57 46 7 14
é
65 46 7 14
ê
73 46 7 14
è
81 46 7 14
ë
89 46 7 14
Ç
97 46 7 14
ç
105 46 7 14
À
113 46 7 14
à
121 46 7 14
â
129 46 7 14
û
137 46 7 14
ą
145 46 7 14
ć
153 46 7 14
ę
161 46 7 14
ł
169 46 7 14
ń
177 46 7 14
ó
185 46 7 14
ś
193 46 7 14
ż
201 46 7 14
ź
209 46 7 14
Ą
217 46 7 14
Ć
225 46 7 14
Ę
233 46 7 14
Ł
241 46 7 14
Ń
249 46 7 14
Ó
1 61 7 14
Ś
9 61 7 14
Ż
17 61 7 14
Ź
25 61 7 14
А
33 61 7 14
а
41 61 7 14
Б
49 61 7 14
б
57 61 7 14
В
65 61 7 14
в
73 61 7 14
Г
81 61 7 14
г
89 61 7 14
Д
97 61 7 14
д
105 61 7 14
Е
113 61 7 14
е
121 61 7 14
Ж
129 61 7 14
ж
137 61 7 14
З
145 61 7 14
з
153 61 7 14
И
161 61 7 14
и
169 61 7 14
Й
177 61 7 14
й
185 61 7 14
К
193 61 7 14
к
201 61 7 14
Л
209 61 7 14
л
217 61 7 14
М
225 61 7 14
м
233 61 7 14
Н
241 61 7 14
н
249 61 7 14
О
1 76 7 14
о
9 76 7 14
П
17 76 7 14
п
25 76 7 14
Р
33 76 7 14
р
41 76 7 14
С
49 76 7 14
с
57 76 7 14
Т
65 76 7 14
т
73 76 7 14
У
81 76 7 14
у
89 76 7 14
Ф
97 76 7 14
ф
105 76 7 14
Х
113 76 7 14
х
121 76 7 14
Ц
129 76 7 14
ц
137 76 7 14
Ч
145 76 7 14
ч
153 76 7 14
Ш
161 76 7 14
ш
169 76 7 14
Щ
177 76 7 14
щ
185 76 7 14
Ь
193 76 7 14
ь
201 76 7 14
Ю
209 76 7 14
ю
217 76 7 14
Я
225 76 7 14
я
233 76 7 14
Ы
241 76 7 14
ы
249 76 7 14
Э
1 91 7 14
э
9 91 7 14
Ъ
17 91 7 14
ъ
25 91 7 14
