 
1 1 5 11
q
7 1 5 11
w
13 1 5 11
e
19 1 5 11
r
25 1 5 11
t
31 1 5 11
y
37 1 5 11
u
43 1 5 11
i
49 1 5 11
o
55 1 5 11
p
61 1 5 11
a
67 1 5 11
s
73 1 5 11
d
79 1 5 11
f
85 1 5 11
g
91 1 5 11
h
97 1 5 11
j
103 1 5 11
k
109 1 5 11
l
115 1 5 11
z
121 1 5 11
x
1 13 5 11
c
7 13 5 11
v
13 13 5 11
b
19 13 5 11
n
25 13 5 11
m
31 13 5 11
Q
37 13 5 11
W
43 13 5 11
E
49 13 5 11
R
55 13 5 11
T
61 13 5 11
Y
67 13 5 11
U
73 13 5 11
I
79 13 5 11
O
85 13 5 11
P
91 13 5 11
A
97 13 5 11
S
103 13 5 11
D
109 13 5 11
F
115 13 5 11
G
121 13 5 11
H
1 25 5 11
J
7 25 5 11
K
13 25 5 11
L
19 25 5 11
Z
25 25 5 11
X
31 25 5 11
C
37 25 5 11
V
43 25 5 11
B
49 25 5 11
N
55 25 5 11
M
61 25 5 11
1
67 25 5 11
2
73 25 5 11
3
79 25 5 11
4
85 25 5 11
5
91 25 5 11
6
97 25 5 11
7
103 25 5 11
8
109 25 5 11
9
115 25 5 11
0
121 25 5 11
-
1 37 5 11
=
7 37 5 11
+
13 37 5 11
_
19 37 5 11
!
25 37 5 11
?
31 37 5 11
<
37 37 5 11
>
43 37 5 11
,
49 37 5 11
.
55 37 5 11
;
61 37 5 11
:
67 37 5 11
"
73 37 5 11
'
79 37 5 11
@
85 37 5 11
£
91 37 5 11
$
97 37 5 11
%
103 37 5 11
^
109 37 5 11
&
115 37 5 11
*
121 37 5 11
(
1 49 5 11
)
7 49 5 11
[
13 49 5 11
]
19 49 5 11
{
25 49 5 11
}
31 49 5 11
|
37 49 5 11
\
43 49 5 11
~
49 49 5 11
/
55 49 5 11
±
61 49 5 11
ä
67 49 5 11
ö
73 49 5 11
ü
79 49 5 11
Ä
85 49 5 11
Ö
91 49 5 11
Ü
97 49 5 11
É
103 49 5 11
Ê
109 49 5 11
È
115 49 5 11
é
121 49 5 11
ê
1 61 5 11
è
7 61 5 11
ë
13 61 5 11
Ç
19 61 5 11
ç
25 61 5 11
À
31 61 5 11
à
37 61 5 11
â
43 61 5 11
û
49 61 5 11
ą
55 61 5 11
ć
61 61 5 11
ę
67 61 5 11
ł
73 61 5 11
ń
79 61 5 11
ó
85 61 5 11
ś
91 61 5 11
ż
97 61 5 11
ź
103 61 5 11
Ą
109 61 5 11
Ć
115 61 5 11
Ę
121 61 5 11
Ł
1 73 5 11
Ń
7 73 5 11
Ó
13 73 5 11
Ś
19 73 5 11
Ż
25 73 5 11
Ź
31 73 5 11
А
37 73 5 11
а
43 73 5 11
Б
49 73 5 11
б
55 73 5 11
В
61 73 5 11
в
67 73 5 11
Г
73 73 5 11
г
79 73 5 11
Д
85 73 5 11
д
91 73 5 11
Е
97 73 5 11
е
103 73 5 11
Ж
109 73 5 11
ж
115 73 5 11
З
121 73 5 11
з
1 85 5 11
И
7 85 5 11
и
13 85 5 11
Й
19 85 5 11
й
25 85 5 11
К
31 85 5 11
к
37 85 5 11
Л
43 85 5 11
л
49 85 5 11
М
55 85 5 11
м
61 85 5 11
Н
67 85 5 11
н
73 85 5 11
О
79 85 5 11
о
85 85 5 11
П
91 85 5 11
п
97 85 5 11
Р
103 85 5 11
р
109 85 5 11
С
115 85 5 11
с
121 85 5 11
Т
1 97 5 11
т
7 97 5 11
У
13 97 5 11
у
19 97 5 11
Ф
25 97 5 11
ф
31 97 5 11
Х
37 97 5 11
х
43 97 5 11
Ц
49 97 5 11
ц
55 97 5 11
Ч
61 97 5 11
ч
67 97 5 11
Ш
73 97 5 11
ш
79 97 5 11
Щ
85 97 5 11
щ
91 97 5 11
Ь
97 97 5 11
ь
103 97 5 11
Ю
109 97 5 11
ю
115 97 5 11
Я
121 97 5 11
я
1 109 5 11
Ы
7 109 5 11
ы
13 109 5 11
Э
19 109 5 11
э
25 109 5 11
Ъ
31 109 5 11
ъ
37 109 5 11
